begin remote
  name samsung_tv
  flags RAW_CODES
  frequency 37914
  repeat_gap 46333.5
  aeps 100
  gap 92667

    begin raw_codes
      name 3D
        4368	4474	550	1539	550	1539	
        550	1667	550	550	550	550	
        550	550	550	550	550	550	
        550	1539	550	1539	550	1667	
        550	550	550	550	550	550	
        550	550	550	550	550	1667	
        550	1539	550	1539	550	1667	
        550	1539	550	550	550	550	
        550	1539	550	550	550	550	
        550	550	550	550	550	550	
        550	1539	550	1539	550	550	
        550	
      name 3speed
        4437	4505	533	1689	533	1689	
        533	1689	533	533	533	533	
        533	533	533	533	533	533	
        533	1689	533	1689	533	1689	
        533	533	533	533	533	533	
        533	533	533	533	533	533	
        533	533	533	1689	533	1689	
        533	1689	533	1689	533	533	
        533	533	533	1689	533	1689	
        533	533	533	533	533	533	
        533	533	533	1689	533	1689	
        533	
      name accessibility
        4464	4539	533	1701	533	1701	
        533	1701	533	533	533	533	
        533	533	533	533	533	533	
        533	1701	533	1701	533	1701	
        533	533	533	533	533	533	
        533	533	533	533	533	1701	
        533	533	533	1701	533	533	
        533	533	533	1701	533	533	
        533	533	533	533	533	1701	
        533	533	533	1701	533	1701	
        533	533	533	1701	533	1701	
        533	
      name blue
        4366	4471	546	1540	546	1540	
        546	1669	546	546	546	546	
        546	546	546	546	546	546	
        546	1669	546	1540	546	1540	
        546	546	546	546	546	546	
        546	546	546	546	546	546	
        546	1540	546	1540	546	546	
        546	1669	546	546	546	546	
        546	546	546	1540	546	546	
        546	546	546	1540	546	546	
        546	1540	546	1540	546	1669	
        546	
      name camera
        4366	4474	546	1539	546	1539	
        546	1670	546	546	546	546	
        546	546	546	546	546	546	
        546	1670	546	1539	546	1539	
        546	546	546	546	546	546	
        546	546	546	546	546	546	
        546	1670	546	1539	546	1539	
        546	1539	546	546	546	546	
        546	546	546	1539	546	546	
        546	546	546	546	546	546	
        546	1539	546	1539	546	1670	
        546	
      name channel_down
        4340	4474	548	1542	548	1542	
        548	1542	548	548	548	548	
        548	548	548	548	548	548	
        548	1542	548	1542	548	1542	
        548	548	548	548	548	548	
        548	548	548	548	548	548	
        548	548	548	548	548	548	
        548	1670	548	548	548	548	
        548	548	548	1542	548	1542	
        548	1542	548	1542	548	548	
        548	1542	548	1542	548	1542	
        548	
      name channel_list
        4462	4539	534	1704	534	1704	
        534	1704	534	534	534	534	
        534	534	534	534	534	534	
        534	1704	534	1704	534	1704	
        534	534	534	534	534	534	
        534	534	534	534	534	1704	
        534	1704	534	534	534	1704	
        534	534	534	1704	534	1704	
        534	534	534	534	534	534	
        534	1704	534	534	534	1704	
        534	534	534	534	534	1704	
        534	
      name channel_up
        4339	4474	551	1539	551	1539	
        551	1539	551	551	551	551	
        551	551	551	551	551	551	
        551	1668	551	1668	551	1539	
        551	551	551	551	551	551	
        551	551	551	551	551	551	
        551	1668	551	551	551	551	
        551	1668	551	551	551	551	
        551	551	551	1539	551	551	
        551	1539	551	1539	551	551	
        551	1668	551	1539	551	1539	
        551	
      name dash
        4366	4477	546	1539	546	1539	
        546	1670	546	546	546	546	
        546	546	546	546	546	546	
        546	1539	546	1539	546	1539	
        546	546	546	546	546	546	
        546	546	546	546	546	1670	
        546	1539	546	546	546	546	
        546	546	546	1670	546	546	
        546	546	546	546	546	546	
        546	1539	546	1539	546	1539	
        546	546	546	1670	546	1539	
        546	
      name digit0
        4368	4474	550	1666	550	1539	
        550	1539	550	550	550	550	
        550	550	550	550	550	550	
        550	1666	550	1539	550	1539	
        550	550	550	550	550	550	
        550	550	550	550	550	1539	
        550	550	550	550	550	550	
        550	1666	550	550	550	550	
        550	550	550	550	550	1539	
        550	1539	550	1539	550	550	
        550	1539	550	1539	550	1666	
        550	
      name digit1
        4365	4474	547	1542	547	1542	
        547	1542	547	547	547	547	
        547	547	547	547	547	547	
        547	1668	547	1542	547	1668	
        547	547	547	547	547	547	
        547	547	547	547	547	547	
        547	547	547	1542	547	547	
        547	547	547	547	547	547	
        547	547	547	1668	547	1542	
        547	547	547	1542	547	1542	
        547	1542	547	1542	547	1542	
        547	
      name digit2
        4368	4477	551	1542	551	1542	
        551	1667	551	551	551	551	
        551	551	551	551	551	551	
        551	1542	551	1542	551	1542	
        551	551	551	551	551	551	
        551	551	551	551	551	1667	
        551	551	551	1542	551	551	
        551	551	551	551	551	551	
        551	551	551	551	551	1667	
        551	551	551	1667	551	1542	
        551	1542	551	1542	551	1542	
        551	
      name digit3
        4367	4474	550	1666	550	1539	
        550	1539	550	550	550	550	
        550	550	550	550	550	550	
        550	1539	550	1539	550	1539	
        550	550	550	550	550	550	
        550	550	550	550	550	550	
        550	1666	550	1539	550	550	
        550	550	550	550	550	550	
        550	550	550	1666	550	550	
        550	550	550	1539	550	1539	
        550	1539	550	1539	550	1539	
        550	
      name digit4
        4367	4474	549	1671	549	1671	
        549	1671	549	549	549	549	
        549	549	549	549	549	549	
        549	1540	549	1540	549	1540	
        549	549	549	549	549	549	
        549	549	549	549	549	549	
        549	549	549	549	549	1540	
        549	549	549	549	549	549	
        549	549	549	1671	549	1671	
        549	1671	549	549	549	1671	
        549	1671	549	1671	549	1671	
        549	
      name digit5
        4366	4474	548	1668	548	1538	
        548	1538	548	548	548	548	
        548	548	548	548	548	548	
        548	1538	548	1538	548	1538	
        548	548	548	548	548	548	
        548	548	548	548	548	1668	
        548	548	548	548	548	1668	
        548	548	548	548	548	548	
        548	548	548	548	548	1538	
        548	1538	548	548	548	1538	
        548	1538	548	1538	548	1538	
        548	
      name digit6
        4368	4474	547	1669	547	1539	
        547	1539	547	547	547	547	
        547	547	547	547	547	547	
        547	1539	547	1539	547	1539	
        547	547	547	547	547	547	
        547	547	547	547	547	547	
        547	1539	547	547	547	1539	
        547	547	547	547	547	547	
        547	547	547	1539	547	547	
        547	1539	547	547	547	1539	
        547	1539	547	1539	547	1539	
        547	
      name digit7
        4367	4474	548	1671	548	1541	
        548	1541	548	548	548	548	
        548	548	548	548	548	548	
        548	1541	548	1541	548	1541	
        548	548	548	548	548	548	
        548	548	548	548	548	548	
        548	548	548	1671	548	1541	
        548	548	548	548	548	548	
        548	548	548	1541	548	1541	
        548	548	548	548	548	1541	
        548	1541	548	1541	548	1541	
        548	
      name digit8
        4366	4477	548	1539	548	1539	
        548	1539	548	548	548	548	
        548	548	548	548	548	548	
        548	1539	548	1539	548	1539	
        548	548	548	548	548	548	
        548	548	548	548	548	1668	
        548	548	548	1539	548	1539	
        548	548	548	548	548	548	
        548	548	548	548	548	1539	
        548	548	548	548	548	1539	
        548	1539	548	1539	548	1539	
        548	
      name digit9
        4366	4474	551	1667	551	1541	
        551	1541	551	551	551	551	
        551	551	551	551	551	551	
        551	1541	551	1541	551	1541	
        551	551	551	551	551	551	
        551	551	551	551	551	551	
        551	1541	551	1541	551	1541	
        551	551	551	551	551	551	
        551	551	551	1541	551	551	
        551	551	551	551	551	1541	
        551	1541	551	1541	551	1541	
        551	
      name down
        4367	4477	551	1539	551	1539	
        551	1539	551	551	551	551	
        551	551	551	551	551	551	
        551	1539	551	1539	551	1539	
        551	551	551	551	551	551	
        551	551	551	551	551	1539	
        551	551	551	551	551	551	
        551	551	551	1539	551	1539	
        551	551	551	551	551	1539	
        551	1539	551	1539	551	1539	
        551	551	551	551	551	1539	
        551	
      name enter
        4366	4471	549	1667	549	1541	
        549	1541	549	549	549	549	
        549	549	549	549	549	549	
        549	1667	549	1541	549	1541	
        549	549	549	549	549	549	
        549	549	549	549	549	549	
        549	549	549	549	549	1541	
        549	549	549	1667	549	1541	
        549	549	549	1541	549	1541	
        549	1541	549	549	549	1667	
        549	549	549	549	549	1667	
        549	
      name exit
        4368	4474	550	1668	550	1541	
        550	1541	550	550	550	550	
        550	550	550	550	550	550	
        550	1668	550	1541	550	1541	
        550	550	550	550	550	550	
        550	550	550	550	550	1541	
        550	550	550	1541	550	1541	
        550	550	550	1541	550	550	
        550	550	550	550	550	1541	
        550	550	550	550	550	1541	
        550	550	550	1541	550	1541	
        550	
      name extra
        4418	4516	539	1696	539	1696	
        539	1696	539	539	539	539	
        539	539	539	539	539	539	
        539	1696	539	1696	539	1696	
        539	539	539	539	539	539	
        539	539	539	539	539	1696	
        539	1696	539	1696	539	1696	
        539	539	539	1696	539	539	
        539	1696	539	539	539	539	
        539	539	539	539	539	1696	
        539	539	539	1696	539	539	
        539	
      name factory
        4469	4542	533	1704	533	1704	
        533	1704	533	533	533	533	
        533	533	533	533	533	533	
        533	1704	533	1704	533	1704	
        533	533	533	533	533	533	
        533	533	533	533	533	1704	
        533	1704	533	533	533	1704	
        533	1704	533	1704	533	533	
        533	533	533	533	533	533	
        533	1704	533	533	533	533	
        533	533	533	1704	533	1704	
        533	
      name family_story
        4342	4474	548	1667	548	1541	
        548	1541	548	548	548	548	
        548	548	548	548	548	548	
        548	1541	548	1541	548	1541	
        548	548	548	548	548	548	
        548	548	548	548	548	548	
        548	1541	548	1541	548	548	
        548	548	548	548	548	1541	
        548	1541	548	1541	548	548	
        548	548	548	1541	548	1541	
        548	1541	548	548	548	548	
        548	
      name fast_forward
        4364	4477	549	1540	549	1540	
        549	1668	549	549	549	549	
        549	549	549	549	549	549	
        549	1668	549	1540	549	1540	
        549	549	549	549	549	549	
        549	549	549	549	549	549	
        549	549	549	549	549	1668	
        549	549	549	549	549	1540	
        549	549	549	1668	549	1540	
        549	1540	549	549	549	1540	
        549	1540	549	549	549	1540	
        549	
      name green
        4369	4477	549	1666	549	1539	
        549	1539	549	549	549	549	
        549	549	549	549	549	549	
        549	1666	549	1539	549	1539	
        549	549	549	549	549	549	
        549	549	549	549	549	549	
        549	549	549	1539	549	549	
        549	1539	549	549	549	549	
        549	549	549	1666	549	1539	
        549	549	549	1539	549	549	
        549	1539	549	1539	549	1539	
        549	
      name history
        4365	4474	549	1669	549	1539	
        549	1669	549	549	549	549	
        549	549	549	549	549	549	
        549	1539	549	1539	549	1539	
        549	549	549	549	549	549	
        549	549	549	549	549	549	
        549	549	549	549	549	549	
        549	1669	549	549	549	1539	
        549	1539	549	1539	549	1539	
        549	1539	549	1539	549	549	
        549	1669	549	549	549	549	
        549	
      name info
        4369	4474	547	1539	547	1539	
        547	1539	547	547	547	547	
        547	547	547	547	547	547	
        547	1671	547	1539	547	1539	
        547	547	547	547	547	547	
        547	547	547	547	547	1671	
        547	1539	547	1671	547	1539	
        547	1539	547	547	547	547	
        547	547	547	547	547	547	
        547	547	547	547	547	547	
        547	1671	547	1539	547	1539	
        547	
      name keypad
        4453	4521	533	1694	533	1694	
        533	1694	533	533	533	533	
        533	533	533	533	533	533	
        533	1694	533	1694	533	1694	
        533	533	533	533	533	533	
        533	533	533	533	533	533	
        533	1694	533	533	533	533	
        533	1694	533	533	533	1694	
        533	1694	533	1694	533	533	
        533	1694	533	1694	533	533	
        533	1694	533	533	533	533	
        533	
      name left
        4366	4474	550	1539	550	1539	
        550	1539	550	550	550	550	
        550	550	550	550	550	550	
        550	1539	550	1539	550	1539	
        550	550	550	550	550	550	
        550	550	550	550	550	1668	
        550	550	550	1539	550	550	
        550	550	550	1539	550	1539	
        550	550	550	550	550	1668	
        550	550	550	1539	550	1539	
        550	550	550	550	550	1539	
        550	
      name mbr_setup
        4364	4475	553	1540	553	1540	
        553	1540	553	553	553	553	
        553	553	553	553	553	553	
        553	1540	553	1540	553	1540	
        553	553	553	553	553	553	
        553	553	553	553	553	1669	
        553	553	553	1540	553	1540	
        553	553	553	553	553	1669	
        553	553	553	553	553	1669	
        553	553	553	553	553	1540	
        553	1540	553	553	553	1540	
        553	
      name menu
        4366	4474	549	1669	549	1539	
        549	1539	549	549	549	549	
        549	549	549	549	549	549	
        549	1669	549	1539	549	1539	
        549	549	549	549	549	549	
        549	549	549	549	549	549	
        549	1539	549	549	549	1539	
        549	1539	549	549	549	549	
        549	549	549	1539	549	549	
        549	1539	549	549	549	549	
        549	1539	549	1539	549	1539	
        549	
      name mute
        4339	4474	545	1670	545	1541	
        545	1541	545	545	545	545	
        545	545	545	545	545	545	
        545	1541	545	1541	545	1541	
        545	545	545	545	545	545	
        545	545	545	545	545	1541	
        545	1541	545	1541	545	1541	
        545	545	545	545	545	545	
        545	545	545	545	545	545	
        545	545	545	545	545	1541	
        545	1541	545	1541	545	1541	
        545	
      name pause
        4483	4540	539	1704	539	1704	
        539	1704	539	539	539	539	
        539	539	539	539	539	539	
        539	1704	539	1704	539	1704	
        539	539	539	539	539	539	
        539	539	539	539	539	539	
        539	1704	539	539	539	1704	
        539	539	539	539	539	1704	
        539	539	539	1704	539	539	
        539	1704	539	539	539	1704	
        539	1704	539	539	539	1704	
        539	
      name picture_mode
        4481	4481	535	1695	535	1695	
        535	1695	535	535	535	535	
        535	535	535	535	535	535	
        535	1695	535	1695	535	1695	
        535	535	535	535	535	535	
        535	535	535	535	535	535	
        535	535	535	535	535	1695	
        535	535	535	1695	535	535	
        535	535	535	1695	535	1695	
        535	1695	535	535	535	1695	
        535	535	535	1695	535	1695	
        535	
      name picture_size
        4467	4538	533	1704	533	1704	
        533	1704	533	533	533	533	
        533	533	533	533	533	533	
        533	1704	533	1704	533	1704	
        533	533	533	533	533	533	
        533	533	533	533	533	533	
        533	1704	533	1704	533	1704	
        533	1704	533	1704	533	533	
        533	533	533	1704	533	533	
        533	533	533	533	533	533	
        533	533	533	1704	533	1704	
        533	
      name play
        4471	4538	541	1704	541	1704	
        541	1704	541	541	541	541	
        541	541	541	541	541	541	
        541	1704	541	1704	541	1704	
        541	541	541	541	541	541	
        541	541	541	541	541	1704	
        541	1704	541	1704	541	541	
        541	541	541	541	541	1704	
        541	541	541	541	541	541	
        541	541	541	1704	541	1704	
        541	1704	541	541	541	1704	
        541	
      name power_off
        4470	4542	537	1704	537	1704	
        537	1704	537	537	537	537	
        537	537	537	537	537	537	
        537	1704	537	1704	537	1704	
        537	537	537	537	537	537	
        537	537	537	537	537	537	
        537	537	537	537	537	1704	
        537	1704	537	537	537	537	
        537	1704	537	1704	537	1704	
        537	1704	537	537	537	537	
        537	1704	537	1704	537	537	
        537	
      name power_toggle
        4465	4540	532	1704	532	1704	
        532	1704	532	532	532	532	
        532	532	532	532	532	532	
        532	1704	532	1704	532	1704	
        532	532	532	532	532	532	
        532	532	532	532	532	532	
        532	1704	532	532	532	532	
        532	532	532	532	532	532	
        532	532	532	1704	532	532	
        532	1704	532	1704	532	1704	
        532	1704	532	1704	532	1704	
        532	
      name pre-ch
        4473	4540	539	1701	539	1701	
        539	1701	539	539	539	539	
        539	539	539	539	539	539	
        539	1701	539	1701	539	1701	
        539	539	539	539	539	539	
        539	539	539	539	539	1701	
        539	1701	539	539	539	539	
        539	1701	539	539	539	539	
        539	539	539	539	539	539	
        539	1701	539	1701	539	539	
        539	1701	539	1701	539	1701	
        539	
      name record
        4367	4474	550	1539	550	1539	
        550	1668	550	550	550	550	
        550	550	550	550	550	550	
        550	1539	550	1668	550	1668	
        550	550	550	550	550	550	
        550	550	550	550	550	1539	
        550	550	550	550	550	1539	
        550	550	550	550	550	1668	
        550	550	550	550	550	1668	
        550	1539	550	550	550	1668	
        550	1539	550	550	550	1539	
        550	
      name red
        4368	4474	548	1666	548	1539	
        548	1539	548	548	548	548	
        548	548	548	548	548	548	
        548	1539	548	1539	548	1666	
        548	548	548	548	548	548	
        548	548	548	548	548	548	
        548	548	548	1539	548	1539	
        548	548	548	1539	548	1539	
        548	548	548	1666	548	1539	
        548	548	548	548	548	1539	
        548	548	548	548	548	1666	
        548	
      name return
        4366	4477	551	1539	551	1539	
        551	1539	551	551	551	551	
        551	551	551	551	551	551	
        551	1539	551	1539	551	1539	
        551	551	551	551	551	551	
        551	551	551	551	551	551	
        551	551	551	551	551	1671	
        551	1539	551	551	551	1539	
        551	551	551	1539	551	1539	
        551	1671	551	551	551	551	
        551	1539	551	551	551	1671	
        551	
      name rewind
        4367	4474	550	1540	550	1540	
        550	1540	550	550	550	550	
        550	550	550	550	550	550	
        550	1540	550	1540	550	1540	
        550	550	550	550	550	550	
        550	550	550	550	550	1668	
        550	550	550	1668	550	550	
        550	550	550	550	550	1540	
        550	550	550	550	550	1540	
        550	550	550	1668	550	1540	
        550	1540	550	550	550	1668	
        550	
      name right
        4343	4473	548	1540	548	1540	
        548	1540	548	548	548	548	
        548	548	548	548	548	548	
        548	1669	548	1540	548	1669	
        548	548	548	548	548	548	
        548	548	548	548	548	548	
        548	1669	548	548	548	548	
        548	548	548	1540	548	1540	
        548	548	548	1540	548	548	
        548	1540	548	1540	548	1669	
        548	548	548	548	548	1540	
        548	
      name search
        4365	4473	551	1540	551	1540	
        551	1668	551	551	551	551	
        551	551	551	551	551	551	
        551	1540	551	1540	551	1540	
        551	551	551	551	551	551	
        551	551	551	551	551	1668	
        551	1540	551	551	551	551	
        551	1540	551	1540	551	1668	
        551	551	551	551	551	551	
        551	1540	551	1540	551	551	
        551	551	551	551	551	1540	
        551	
      name smarthub
        4367	4475	555	1540	555	1540	
        555	1540	555	555	555	555	
        555	555	555	555	555	555	
        555	1540	555	1540	555	1540	
        555	555	555	555	555	555	
        555	555	555	555	555	1540	
        555	555	555	555	555	1666	
        555	1666	555	1540	555	1540	
        555	555	555	555	555	1666	
        555	1540	555	555	555	555	
        555	555	555	555	555	1540	
        555	
      name sound_mode
        4416	4514	535	1696	535	1696	
        535	1696	535	535	535	535	
        535	535	535	535	535	535	
        535	1696	535	1696	535	1696	
        535	535	535	535	535	535	
        535	535	535	535	535	1696	
        535	1696	535	535	535	1696	
        535	535	535	1696	535	535	
        535	535	535	535	535	535	
        535	1696	535	535	535	1696	
        535	535	535	1696	535	1696	
        535	
      name source
        4370	4477	545	1540	545	1540	
        545	1540	545	545	545	545	
        545	545	545	545	545	545	
        545	1669	545	1540	545	1669	
        545	545	545	545	545	545	
        545	545	545	545	545	1540	
        545	545	545	545	545	545	
        545	545	545	545	545	545	
        545	545	545	545	545	1540	
        545	1540	545	1540	545	1540	
        545	1540	545	1540	545	1540	
        545	
      name sports_mode
        4418	4514	533	1696	533	1696	
        533	1696	533	533	533	533	
        533	533	533	533	533	533	
        533	1696	533	1696	533	1696	
        533	533	533	533	533	533	
        533	533	533	533	533	533	
        533	533	533	533	533	1696	
        533	1696	533	1696	533	533	
        533	1696	533	1696	533	1696	
        533	1696	533	533	533	533	
        533	533	533	1696	533	533	
        533	
      name stop
        4368	4474	547	1667	547	1541	
        547	1541	547	547	547	547	
        547	547	547	547	547	547	
        547	1667	547	1541	547	1541	
        547	547	547	547	547	547	
        547	547	547	547	547	547	
        547	1667	547	1541	547	547	
        547	547	547	547	547	1541	
        547	547	547	1541	547	547	
        547	547	547	1667	547	1541	
        547	1541	547	547	547	1541	
        547	
      name support
        4368	4475	553	1539	553	1539	
        553	1539	553	553	553	553	
        553	553	553	553	553	553	
        553	1539	553	1539	553	1539	
        553	553	553	553	553	553	
        553	553	553	553	553	1670	
        553	1670	553	1539	553	1539	
        553	1539	553	1539	553	553	
        553	553	553	553	553	553	
        553	553	553	553	553	553	
        553	553	553	1539	553	1539	
        553	
      name tools
        4366	4475	550	1669	550	1539	
        550	1539	550	550	550	550	
        550	550	550	550	550	550	
        550	1669	550	1539	550	1539	
        550	550	550	550	550	550	
        550	550	550	550	550	1539	
        550	1539	550	550	550	1669	
        550	550	550	550	550	1539	
        550	550	550	550	550	550	
        550	1669	550	550	550	1669	
        550	1539	550	550	550	1539	
        550	
      name up
        4367	4475	550	1539	550	1539	
        550	1667	550	550	550	550	
        550	550	550	550	550	550	
        550	1667	550	1667	550	1539	
        550	550	550	550	550	550	
        550	550	550	550	550	550	
        550	550	550	550	550	550	
        550	550	550	1539	550	1667	
        550	550	550	1539	550	1539	
        550	1667	550	1539	550	1539	
        550	550	550	550	550	1667	
        550	
      name volume_down
        4371	4473	550	1666	550	1539	
        550	1539	550	550	550	550	
        550	550	550	550	550	550	
        550	1666	550	1539	550	1539	
        550	550	550	550	550	550	
        550	550	550	550	550	1666	
        550	1539	550	550	550	1666	
        550	550	550	550	550	550	
        550	550	550	550	550	550	
        550	1666	550	550	550	1666	
        550	1539	550	1539	550	1666	
        550	
      name volume_up
        4340	4473	559	1666	559	1539	
        559	1539	559	559	559	559	
        559	559	559	559	559	559	
        559	1539	559	1539	559	1539	
        559	559	559	559	559	559	
        559	559	559	559	559	1539	
        559	1539	559	1539	559	559	
        559	559	559	559	559	559	
        559	559	559	559	559	559	
        559	559	559	1539	559	1539	
        559	1539	559	1539	559	1539	
        559	
      name watch_stb
        4368	4474	547	1668	547	1541	
        547	1541	547	547	547	547	
        547	547	547	547	547	547	
        547	1541	547	1541	547	1541	
        547	547	547	547	547	547	
        547	547	547	547	547	547	
        547	1541	547	1541	547	1541	
        547	1541	547	1541	547	547	
        547	1541	547	1541	547	547	
        547	547	547	547	547	547	
        547	547	547	1541	547	547	
        547	
      name yellow
        4370	4477	549	1670	549	1541	
        549	1541	549	549	549	549	
        549	549	549	549	549	549	
        549	1541	549	1541	549	1541	
        549	549	549	549	549	549	
        549	549	549	549	549	1541	
        549	549	549	1541	549	549	
        549	1541	549	549	549	549	
        549	549	549	549	549	1541	
        549	549	549	1541	549	549	
        549	1670	549	1541	549	1541	
        549	
    end raw_codes

end remote
